  Equilibrium data for HELENA
  PPF SCENE
  
 &SHAPE
ELLIP= 1.5617, TRIA=0.1377, QUAD=-.0502, MHARM=128, ISHAPE=  1, IMESH= 1, IAS=0,
 &END
 &PROFILE
IGAM=   7, IPAI=   7, NPTS=   50,
DPR(1)=   0.10000E+01, DF2(1)=   0.10000E+01,
DPR(2)=   0.93098E+00, DF2(2)=   0.86149E+00,
DPR(3)=   0.86686E+00, DF2(3)=   0.75721E+00,
DPR(4)=   0.80727E+00, DF2(4)=   0.66058E+00,
DPR(5)=   0.75192E+00, DF2(5)=   0.57258E+00,
DPR(6)=   0.70049E+00, DF2(6)=   0.49672E+00,
DPR(7)=   0.65270E+00, DF2(7)=   0.43028E+00,
DPR(8)=   0.60831E+00, DF2(8)=   0.37153E+00,
DPR(9)=   0.56706E+00, DF2(9)=   0.32000E+00,
DPR(10)=   0.52874E+00, DF2(10)=   0.27400E+00,
DPR(11)=   0.49312E+00, DF2(11)=   0.23285E+00,
DPR(12)=   0.46002E+00, DF2(12)=   0.19587E+00,
DPR(13)=   0.42924E+00, DF2(13)=   0.16254E+00,
DPR(14)=   0.40064E+00, DF2(14)=   0.13253E+00,
DPR(15)=   0.37404E+00, DF2(15)=   0.10540E+00,
DPR(16)=   0.34930E+00, DF2(16)=   0.80818E-01,
DPR(17)=   0.32630E+00, DF2(17)=   0.58628E-01,
DPR(18)=   0.30490E+00, DF2(18)=   0.38534E-01,
DPR(19)=   0.28500E+00, DF2(19)=   0.20337E-01,
DPR(20)=   0.26649E+00, DF2(20)=   0.39328E-02,
DPR(21)=   0.24929E+00, DF2(21)=  -0.10823E-01,
DPR(22)=   0.23331E+00, DF2(22)=  -0.24080E-01,
DPR(23)=   0.21847E+00, DF2(23)=  -0.35852E-01,
DPR(24)=   0.20471E+00, DF2(24)=  -0.46009E-01,
DPR(25)=   0.19198E+00, DF2(25)=  -0.54905E-01,
DPR(26)=   0.18024E+00, DF2(26)=  -0.62555E-01,
DPR(27)=   0.16943E+00, DF2(27)=  -0.69034E-01,
DPR(28)=   0.15956E+00, DF2(28)=  -0.74394E-01,
DPR(29)=   0.15060E+00, DF2(29)=  -0.78519E-01,
DPR(30)=   0.14255E+00, DF2(30)=  -0.81408E-01,
DPR(31)=   0.13543E+00, DF2(31)=  -0.83316E-01,
DPR(32)=   0.12929E+00, DF2(32)=  -0.84276E-01,
DPR(33)=   0.12416E+00, DF2(33)=  -0.84321E-01,
DPR(34)=   0.12014E+00, DF2(34)=  -0.83243E-01,
DPR(35)=   0.11733E+00, DF2(35)=  -0.81263E-01,
DPR(36)=   0.11585E+00, DF2(36)=  -0.78498E-01,
DPR(37)=   0.11586E+00, DF2(37)=  -0.74986E-01,
DPR(38)=   0.11755E+00, DF2(38)=  -0.70695E-01,
DPR(39)=   0.12109E+00, DF2(39)=  -0.65555E-01,
DPR(40)=   0.12662E+00, DF2(40)=  -0.59836E-01,
DPR(41)=   0.13415E+00, DF2(41)=  -0.53600E-01,
DPR(42)=   0.14343E+00, DF2(42)=  -0.46931E-01,
DPR(43)=   0.15373E+00, DF2(43)=  -0.39946E-01,
DPR(44)=   0.16348E+00, DF2(44)=  -0.33032E-01,
DPR(45)=   0.16999E+00, DF2(45)=  -0.26610E-01,
DPR(46)=   0.16919E+00, DF2(46)=  -0.21117E-01,
DPR(47)=   0.15601E+00, DF2(47)=  -0.17001E-01,
DPR(48)=   0.12540E+00, DF2(48)=  -0.14676E-01,
DPR(49)=   0.75020E-01, DF2(49)=  -0.14214E-01,
DPR(50)=   0.10284E-01, DF2(50)=   0.32579E-02,
 &END
  &PHYS
 EPS=  0.5717, B=  -0.80628E+00, XIAB=   0.68031E+01
 &END
 &NUM
 NR=  51, NP=  65, NRMAP= 101, NPMAP= 257, NCHI= 257, NITER= 500 AMIX= 0.9000
 &END
 &PRI
  NPR1=              0
 &END
 &PLOT
  NPL1=              1
 &END
 &BALL
 &END
 &MERC
 &END
  
