  Equilibrium data for HELENA
  PPF SCENE
  
 &SHAPE
ELLIP= 1.5617, TRIA=0.1377, QUAD=-.0501, MHARM=128, ISHAPE=  1, IMESH= 1, IAS=0,
 &END
 &PROFILE
IGAM=   7, IPAI=   7, NPTS=   50,
DPR(1)=   0.10000E+01, DF2(1)=   0.10000E+01,
DPR(2)=   0.93096E+00, DF2(2)=   0.15225E-01,
DPR(3)=   0.86681E+00, DF2(3)=  -0.82660E-01,
DPR(4)=   0.80720E+00, DF2(4)=  -0.17881E+00,
DPR(5)=   0.75181E+00, DF2(5)=  -0.27365E+00,
DPR(6)=   0.70035E+00, DF2(6)=  -0.36445E+00,
DPR(7)=   0.65253E+00, DF2(7)=  -0.45109E+00,
DPR(8)=   0.60809E+00, DF2(8)=  -0.53342E+00,
DPR(9)=   0.56679E+00, DF2(9)=  -0.61035E+00,
DPR(10)=   0.52840E+00, DF2(10)=  -0.68337E+00,
DPR(11)=   0.49271E+00, DF2(11)=  -0.75324E+00,
DPR(12)=   0.45953E+00, DF2(12)=  -0.81880E+00,
DPR(13)=   0.42866E+00, DF2(13)=  -0.87833E+00,
DPR(14)=   0.39993E+00, DF2(14)=  -0.93219E+00,
DPR(15)=   0.37320E+00, DF2(15)=  -0.98461E+00,
DPR(16)=   0.34830E+00, DF2(16)=  -0.10343E+01,
DPR(17)=   0.32511E+00, DF2(17)=  -0.10787E+01,
DPR(18)=   0.30350E+00, DF2(18)=  -0.11169E+01,
DPR(19)=   0.28334E+00, DF2(19)=  -0.11503E+01,
DPR(20)=   0.26453E+00, DF2(20)=  -0.11805E+01,
DPR(21)=   0.24696E+00, DF2(21)=  -0.12083E+01,
DPR(22)=   0.23055E+00, DF2(22)=  -0.12306E+01,
DPR(23)=   0.21522E+00, DF2(23)=  -0.12462E+01,
DPR(24)=   0.20087E+00, DF2(24)=  -0.12569E+01,
DPR(25)=   0.18745E+00, DF2(25)=  -0.12637E+01,
DPR(26)=   0.17489E+00, DF2(26)=  -0.12661E+01,
DPR(27)=   0.16314E+00, DF2(27)=  -0.12633E+01,
DPR(28)=   0.15214E+00, DF2(28)=  -0.12557E+01,
DPR(29)=   0.14188E+00, DF2(29)=  -0.12417E+01,
DPR(30)=   0.13232E+00, DF2(30)=  -0.12217E+01,
DPR(31)=   0.12346E+00, DF2(31)=  -0.11985E+01,
DPR(32)=   0.11532E+00, DF2(32)=  -0.11718E+01,
DPR(33)=   0.10794E+00, DF2(33)=  -0.11388E+01,
DPR(34)=   0.10141E+00, DF2(34)=  -0.11024E+01,
DPR(35)=   0.95880E-01, DF2(35)=  -0.10618E+01,
DPR(36)=   0.91578E-01, DF2(36)=  -0.10169E+01,
DPR(37)=   0.88848E-01, DF2(37)=  -0.96988E+00,
DPR(38)=   0.88189E-01, DF2(38)=  -0.91996E+00,
DPR(39)=   0.90302E-01, DF2(39)=  -0.86599E+00,
DPR(40)=   0.96117E-01, DF2(40)=  -0.80996E+00,
DPR(41)=   0.10677E+00, DF2(41)=  -0.75094E+00,
DPR(42)=   0.12345E+00, DF2(42)=  -0.68842E+00,
DPR(43)=   0.14693E+00, DF2(43)=  -0.62311E+00,
DPR(44)=   0.17657E+00, DF2(44)=  -0.55145E+00,
DPR(45)=   0.20868E+00, DF2(45)=  -0.47629E+00,
DPR(46)=   0.23456E+00, DF2(46)=  -0.39901E+00,
DPR(47)=   0.23981E+00, DF2(47)=  -0.32020E+00,
DPR(48)=   0.20785E+00, DF2(48)=  -0.24332E+00,
DPR(49)=   0.12991E+00, DF2(49)=  -0.15504E+00,
DPR(50)=   0.18172E-01, DF2(50)=   0.10350E-01,
 &END
  &PHYS
 EPS=  0.5717, B=  -0.12702E+01, XIAB=   0.68031E+01
 &END
 &NUM
 NR=  51, NP=  65, NRMAP= 101, NPMAP= 257, NCHI= 257, NITER= 500 AMIX= 0.9000
 &END
 &PRI
  NPR1=              0
 &END
 &PLOT
  NPL1=              1
 &END
 &BALL
 &END
 &MERC
 &END
  
