  Equilibrium data for HELENA
  PPF SCENE
  
 &SHAPE
ELLIP= 1.7409, TRIA=0.2199, QUAD=-.0174, MHARM=128, ISHAPE=  1, IMESH= 1, IAS=0,
 &END
 &PROFILE
IGAM=   7, IPAI=   7, NPTS=   50,
DPR(1)=   0.10000E+01, DF2(1)=   0.10000E+01,
DPR(2)=   0.93193E+00, DF2(2)=   0.74766E+00,
DPR(3)=   0.86872E+00, DF2(3)=   0.52463E+00,
DPR(4)=   0.81003E+00, DF2(4)=   0.31223E+00,
DPR(5)=   0.75553E+00, DF2(5)=   0.11704E+00,
DPR(6)=   0.70493E+00, DF2(6)=  -0.57214E-01,
DPR(7)=   0.65796E+00, DF2(7)=  -0.21385E+00,
DPR(8)=   0.61434E+00, DF2(8)=  -0.35980E+00,
DPR(9)=   0.57383E+00, DF2(9)=  -0.49761E+00,
DPR(10)=   0.53622E+00, DF2(10)=  -0.62914E+00,
DPR(11)=   0.50128E+00, DF2(11)=  -0.75683E+00,
DPR(12)=   0.46882E+00, DF2(12)=  -0.88192E+00,
DPR(13)=   0.43866E+00, DF2(13)=  -0.10051E+01,
DPR(14)=   0.41064E+00, DF2(14)=  -0.11265E+01,
DPR(15)=   0.38458E+00, DF2(15)=  -0.12463E+01,
DPR(16)=   0.36035E+00, DF2(16)=  -0.13640E+01,
DPR(17)=   0.33782E+00, DF2(17)=  -0.14789E+01,
DPR(18)=   0.31686E+00, DF2(18)=  -0.15904E+01,
DPR(19)=   0.29737E+00, DF2(19)=  -0.16974E+01,
DPR(20)=   0.27923E+00, DF2(20)=  -0.17976E+01,
DPR(21)=   0.26235E+00, DF2(21)=  -0.18907E+01,
DPR(22)=   0.24666E+00, DF2(22)=  -0.19756E+01,
DPR(23)=   0.23208E+00, DF2(23)=  -0.20515E+01,
DPR(24)=   0.21855E+00, DF2(24)=  -0.21176E+01,
DPR(25)=   0.20601E+00, DF2(25)=  -0.21679E+01,
DPR(26)=   0.19441E+00, DF2(26)=  -0.22063E+01,
DPR(27)=   0.18373E+00, DF2(27)=  -0.22327E+01,
DPR(28)=   0.17393E+00, DF2(28)=  -0.22433E+01,
DPR(29)=   0.16501E+00, DF2(29)=  -0.22356E+01,
DPR(30)=   0.15697E+00, DF2(30)=  -0.22152E+01,
DPR(31)=   0.14983E+00, DF2(31)=  -0.21800E+01,
DPR(32)=   0.14362E+00, DF2(32)=  -0.21236E+01,
DPR(33)=   0.13839E+00, DF2(33)=  -0.20554E+01,
DPR(34)=   0.13422E+00, DF2(34)=  -0.19730E+01,
DPR(35)=   0.13121E+00, DF2(35)=  -0.18714E+01,
DPR(36)=   0.12950E+00, DF2(36)=  -0.17604E+01,
DPR(37)=   0.12923E+00, DF2(37)=  -0.16363E+01,
DPR(38)=   0.13058E+00, DF2(38)=  -0.14993E+01,
DPR(39)=   0.13373E+00, DF2(39)=  -0.13559E+01,
DPR(40)=   0.13882E+00, DF2(40)=  -0.12036E+01,
DPR(41)=   0.14586E+00, DF2(41)=  -0.10465E+01,
DPR(42)=   0.15461E+00, DF2(42)=  -0.88764E+00,
DPR(43)=   0.16431E+00, DF2(43)=  -0.72878E+00,
DPR(44)=   0.17338E+00, DF2(44)=  -0.57582E+00,
DPR(45)=   0.17907E+00, DF2(45)=  -0.43028E+00,
DPR(46)=   0.17724E+00, DF2(46)=  -0.29559E+00,
DPR(47)=   0.16269E+00, DF2(47)=  -0.18556E+00,
DPR(48)=   0.13030E+00, DF2(48)=  -0.97452E-01,
DPR(49)=   0.77706E-01, DF2(49)=  -0.33410E-01,
DPR(50)=   0.10624E-01, DF2(50)=   0.10634E-01,
 &END
  &PHYS
 EPS=  0.6449, B=  -0.24343E+01, XIAB=   0.60312E+01
 &END
 &NUM
 NR=  51, NP=  65, NRMAP= 101, NPMAP= 257, NCHI= 257, NITER= 500 AMIX= 0.9000
 &END
 &PRI
  NPR1=              0
 &END
 &PLOT
  NPL1=              1
 &END
 &BALL
 &END
 &MERC
 &END
  
