  Equilibrium data for HELENA
  PPF SCENE
  
 &SHAPE
ELLIP= 2.4457, TRIA=0.4348, QUAD=0.1982, MHARM=128, ISHAPE=  1, IMESH= 1, IAS=0,
 &END
 &PROFILE
IGAM=   7, IPAI=   7, NPTS=   50,
DPR(1)=   0.10000E+01, DF2(1)=   0.10000E+01,
DPR(2)=   0.94365E+00, DF2(2)=   0.90403E+00,
DPR(3)=   0.89084E+00, DF2(3)=   0.81759E+00,
DPR(4)=   0.84133E+00, DF2(4)=   0.73621E+00,
DPR(5)=   0.79491E+00, DF2(5)=   0.66153E+00,
DPR(6)=   0.75136E+00, DF2(6)=   0.59464E+00,
DPR(7)=   0.71049E+00, DF2(7)=   0.53511E+00,
DPR(8)=   0.67211E+00, DF2(8)=   0.48135E+00,
DPR(9)=   0.63606E+00, DF2(9)=   0.43248E+00,
DPR(10)=   0.60217E+00, DF2(10)=   0.38822E+00,
DPR(11)=   0.57029E+00, DF2(11)=   0.34806E+00,
DPR(12)=   0.54029E+00, DF2(12)=   0.31128E+00,
DPR(13)=   0.51204E+00, DF2(13)=   0.27752E+00,
DPR(14)=   0.48542E+00, DF2(14)=   0.24649E+00,
DPR(15)=   0.46032E+00, DF2(15)=   0.21795E+00,
DPR(16)=   0.43663E+00, DF2(16)=   0.19167E+00,
DPR(17)=   0.41427E+00, DF2(17)=   0.16743E+00,
DPR(18)=   0.39314E+00, DF2(18)=   0.14506E+00,
DPR(19)=   0.37317E+00, DF2(19)=   0.12440E+00,
DPR(20)=   0.35429E+00, DF2(20)=   0.10534E+00,
DPR(21)=   0.33642E+00, DF2(21)=   0.87759E-01,
DPR(22)=   0.31951E+00, DF2(22)=   0.71589E-01,
DPR(23)=   0.30350E+00, DF2(23)=   0.56762E-01,
DPR(24)=   0.28835E+00, DF2(24)=   0.43451E-01,
DPR(25)=   0.27403E+00, DF2(25)=   0.31373E-01,
DPR(26)=   0.26048E+00, DF2(26)=   0.20475E-01,
DPR(27)=   0.24770E+00, DF2(27)=   0.10722E-01,
DPR(28)=   0.23565E+00, DF2(28)=   0.20740E-02,
DPR(29)=   0.22433E+00, DF2(29)=  -0.53452E-02,
DPR(30)=   0.21373E+00, DF2(30)=  -0.11467E-01,
DPR(31)=   0.20385E+00, DF2(31)=  -0.16568E-01,
DPR(32)=   0.19473E+00, DF2(32)=  -0.20672E-01,
DPR(33)=   0.18639E+00, DF2(33)=  -0.23798E-01,
DPR(34)=   0.17888E+00, DF2(34)=  -0.25547E-01,
DPR(35)=   0.17227E+00, DF2(35)=  -0.26391E-01,
DPR(36)=   0.16666E+00, DF2(36)=  -0.26363E-01,
DPR(37)=   0.16217E+00, DF2(37)=  -0.25448E-01,
DPR(38)=   0.15896E+00, DF2(38)=  -0.23351E-01,
DPR(39)=   0.15720E+00, DF2(39)=  -0.20529E-01,
DPR(40)=   0.15704E+00, DF2(40)=  -0.17031E-01,
DPR(41)=   0.15862E+00, DF2(41)=  -0.12848E-01,
DPR(42)=   0.16186E+00, DF2(42)=  -0.80616E-02,
DPR(43)=   0.16640E+00, DF2(43)=  -0.31217E-02,
DPR(44)=   0.17124E+00, DF2(44)=   0.17402E-02,
DPR(45)=   0.17446E+00, DF2(45)=   0.62063E-02,
DPR(46)=   0.17287E+00, DF2(46)=   0.92905E-02,
DPR(47)=   0.16156E+00, DF2(47)=   0.10839E-01,
DPR(48)=   0.13372E+00, DF2(48)=   0.10544E-01,
DPR(49)=   0.82605E-01, DF2(49)=   0.70699E-02,
DPR(50)=   0.11642E-01, DF2(50)=  -0.17677E-02,
 &END
  &PHYS
 EPS=  0.4941, B=  -0.81293E+00, XIAB=   0.26135E+01
 &END
 &NUM
 NR=  51, NP=  65, NRMAP= 101, NPMAP= 257, NCHI= 257, NITER= 500 AMIX= 0.9000
 &END
 &PRI
  NPR1=              0
 &END
 &PLOT
  NPL1=              1
 &END
 &BALL
 &END
 &MERC
 &END
  
