  Equilibrium data for HELENA
  PPF SCENE
  
 &SHAPE
ELLIP= 1.5251, TRIA=0.2711, QUAD=-.0347, MHARM=128, ISHAPE=  1, IMESH= 1, IAS=0,
 &END
 &PROFILE
IGAM=   7, IPAI=   7, NPTS=   50,
DPR(1)=   0.10000E+01, DF2(1)=   0.10000E+01,
DPR(2)=   0.93193E+00, DF2(2)=   0.24458E+00,
DPR(3)=   0.86872E+00, DF2(3)=  -0.47459E+00,
DPR(4)=   0.81003E+00, DF2(4)=  -0.11625E+01,
DPR(5)=   0.75553E+00, DF2(5)=  -0.17978E+01,
DPR(6)=   0.70493E+00, DF2(6)=  -0.23667E+01,
DPR(7)=   0.65796E+00, DF2(7)=  -0.28667E+01,
DPR(8)=   0.61434E+00, DF2(8)=  -0.33166E+01,
DPR(9)=   0.57383E+00, DF2(9)=  -0.37154E+01,
DPR(10)=   0.53622E+00, DF2(10)=  -0.40637E+01,
DPR(11)=   0.50128E+00, DF2(11)=  -0.43700E+01,
DPR(12)=   0.46882E+00, DF2(12)=  -0.46357E+01,
DPR(13)=   0.43866E+00, DF2(13)=  -0.48634E+01,
DPR(14)=   0.41064E+00, DF2(14)=  -0.50555E+01,
DPR(15)=   0.38458E+00, DF2(15)=  -0.52141E+01,
DPR(16)=   0.36035E+00, DF2(16)=  -0.53418E+01,
DPR(17)=   0.33782E+00, DF2(17)=  -0.54405E+01,
DPR(18)=   0.31686E+00, DF2(18)=  -0.55088E+01,
DPR(19)=   0.29737E+00, DF2(19)=  -0.55486E+01,
DPR(20)=   0.27923E+00, DF2(20)=  -0.55656E+01,
DPR(21)=   0.26235E+00, DF2(21)=  -0.55606E+01,
DPR(22)=   0.24666E+00, DF2(22)=  -0.55355E+01,
DPR(23)=   0.23208E+00, DF2(23)=  -0.54861E+01,
DPR(24)=   0.21855E+00, DF2(24)=  -0.54169E+01,
DPR(25)=   0.20601E+00, DF2(25)=  -0.53321E+01,
DPR(26)=   0.19441E+00, DF2(26)=  -0.52323E+01,
DPR(27)=   0.18373E+00, DF2(27)=  -0.51116E+01,
DPR(28)=   0.17393E+00, DF2(28)=  -0.49778E+01,
DPR(29)=   0.16501E+00, DF2(29)=  -0.48323E+01,
DPR(30)=   0.15697E+00, DF2(30)=  -0.46728E+01,
DPR(31)=   0.14983E+00, DF2(31)=  -0.44992E+01,
DPR(32)=   0.14362E+00, DF2(32)=  -0.43166E+01,
DPR(33)=   0.13839E+00, DF2(33)=  -0.41245E+01,
DPR(34)=   0.13422E+00, DF2(34)=  -0.39190E+01,
DPR(35)=   0.13121E+00, DF2(35)=  -0.37061E+01,
DPR(36)=   0.12950E+00, DF2(36)=  -0.34861E+01,
DPR(37)=   0.12923E+00, DF2(37)=  -0.32556E+01,
DPR(38)=   0.13058E+00, DF2(38)=  -0.30180E+01,
DPR(39)=   0.13373E+00, DF2(39)=  -0.27744E+01,
DPR(40)=   0.13882E+00, DF2(40)=  -0.25241E+01,
DPR(41)=   0.14586E+00, DF2(41)=  -0.22664E+01,
DPR(42)=   0.15461E+00, DF2(42)=  -0.20044E+01,
DPR(43)=   0.16431E+00, DF2(43)=  -0.17385E+01,
DPR(44)=   0.17338E+00, DF2(44)=  -0.14696E+01,
DPR(45)=   0.17907E+00, DF2(45)=  -0.12003E+01,
DPR(46)=   0.17724E+00, DF2(46)=  -0.93432E+00,
DPR(47)=   0.16269E+00, DF2(47)=  -0.67463E+00,
DPR(48)=   0.13030E+00, DF2(48)=  -0.42525E+00,
DPR(49)=   0.77706E-01, DF2(49)=  -0.19188E+00,
DPR(50)=   0.10624E-01, DF2(50)=   0.19211E-01,
 &END
  &PHYS
 EPS=  0.6612, B=  -0.46984E+01, XIAB=   0.58825E+01
 &END
 &NUM
 NR=  51, NP=  65, NRMAP= 101, NPMAP= 257, NCHI= 257, NITER= 500 AMIX= 0.9000
 &END
 &PRI
  NPR1=              0
 &END
 &PLOT
  NPL1=              1
 &END
 &BALL
 &END
 &MERC
 &END
  
