  Equilibrium data for HELENA
  PPF SCENE
  
 &SHAPE
ELLIP= 1.5617, TRIA=0.1377, QUAD=-.0498, MHARM=128, ISHAPE=  1, IMESH= 1, IAS=0,
 &END
 &PROFILE
IGAM=   7, IPAI=   7, NPTS=   50,
DPR(1)=   0.10000E+01, DF2(1)=   0.10000E+01,
DPR(2)=   0.93098E+00, DF2(2)=   0.56685E+00,
DPR(3)=   0.86686E+00, DF2(3)=   0.41837E+00,
DPR(4)=   0.80727E+00, DF2(4)=   0.27985E+00,
DPR(5)=   0.75192E+00, DF2(5)=   0.15425E+00,
DPR(6)=   0.70049E+00, DF2(6)=   0.43347E-01,
DPR(7)=   0.65270E+00, DF2(7)=  -0.57022E-01,
DPR(8)=   0.60831E+00, DF2(8)=  -0.14779E+00,
DPR(9)=   0.56706E+00, DF2(9)=  -0.23156E+00,
DPR(10)=   0.52874E+00, DF2(10)=  -0.30927E+00,
DPR(11)=   0.49312E+00, DF2(11)=  -0.38113E+00,
DPR(12)=   0.46002E+00, DF2(12)=  -0.44879E+00,
DPR(13)=   0.42924E+00, DF2(13)=  -0.51241E+00,
DPR(14)=   0.40064E+00, DF2(14)=  -0.57245E+00,
DPR(15)=   0.37404E+00, DF2(15)=  -0.62898E+00,
DPR(16)=   0.34930E+00, DF2(16)=  -0.68219E+00,
DPR(17)=   0.32630E+00, DF2(17)=  -0.73201E+00,
DPR(18)=   0.30490E+00, DF2(18)=  -0.77838E+00,
DPR(19)=   0.28500E+00, DF2(19)=  -0.82131E+00,
DPR(20)=   0.26649E+00, DF2(20)=  -0.86056E+00,
DPR(21)=   0.24929E+00, DF2(21)=  -0.89516E+00,
DPR(22)=   0.23331E+00, DF2(22)=  -0.92541E+00,
DPR(23)=   0.21847E+00, DF2(23)=  -0.95136E+00,
DPR(24)=   0.20471E+00, DF2(24)=  -0.97297E+00,
DPR(25)=   0.19198E+00, DF2(25)=  -0.99001E+00,
DPR(26)=   0.18024E+00, DF2(26)=  -0.10003E+01,
DPR(27)=   0.16943E+00, DF2(27)=  -0.10059E+01,
DPR(28)=   0.15956E+00, DF2(28)=  -0.10069E+01,
DPR(29)=   0.15060E+00, DF2(29)=  -0.10020E+01,
DPR(30)=   0.14255E+00, DF2(30)=  -0.99068E+00,
DPR(31)=   0.13543E+00, DF2(31)=  -0.97496E+00,
DPR(32)=   0.12929E+00, DF2(32)=  -0.95427E+00,
DPR(33)=   0.12416E+00, DF2(33)=  -0.92675E+00,
DPR(34)=   0.12014E+00, DF2(34)=  -0.89544E+00,
DPR(35)=   0.11733E+00, DF2(35)=  -0.85981E+00,
DPR(36)=   0.11585E+00, DF2(36)=  -0.81833E+00,
DPR(37)=   0.11586E+00, DF2(37)=  -0.77403E+00,
DPR(38)=   0.11755E+00, DF2(38)=  -0.72603E+00,
DPR(39)=   0.12109E+00, DF2(39)=  -0.67425E+00,
DPR(40)=   0.12662E+00, DF2(40)=  -0.62073E+00,
DPR(41)=   0.13415E+00, DF2(41)=  -0.56484E+00,
DPR(42)=   0.14343E+00, DF2(42)=  -0.50783E+00,
DPR(43)=   0.15373E+00, DF2(43)=  -0.45050E+00,
DPR(44)=   0.16348E+00, DF2(44)=  -0.39375E+00,
DPR(45)=   0.16999E+00, DF2(45)=  -0.33930E+00,
DPR(46)=   0.16919E+00, DF2(46)=  -0.28693E+00,
DPR(47)=   0.15601E+00, DF2(47)=  -0.24051E+00,
DPR(48)=   0.12540E+00, DF2(48)=  -0.19885E+00,
DPR(49)=   0.75020E-01, DF2(49)=  -0.14636E+00,
DPR(50)=   0.10284E-01, DF2(50)=   0.58797E-02,
 &END
  &PHYS
 EPS=  0.5717, B=  -0.12921E+01, XIAB=   0.68031E+01
 &END
 &NUM
 NR=  51, NP=  65, NRMAP= 101, NPMAP= 257, NCHI= 257, NITER= 500 AMIX= 0.9000
 &END
 &PRI
  NPR1=              0
 &END
 &PLOT
  NPL1=              1
 &END
 &BALL
 &END
 &MERC
 &END
  
