  Equilibrium data for HELENA
  PPF SCENE
  
 &SHAPE
ELLIP= 2.3347, TRIA=0.3548, QUAD=-.0483, MHARM=128, ISHAPE=  1, IMESH= 1, IAS=0,
 &END
 &PROFILE
IGAM=   7, IPAI=   7, NPTS=   50,
DPR(1)=   0.10000E+01, DF2(1)=   0.10000E+01,
DPR(2)=   0.94365E+00, DF2(2)=   0.88588E+00,
DPR(3)=   0.89084E+00, DF2(3)=   0.78915E+00,
DPR(4)=   0.84133E+00, DF2(4)=   0.69734E+00,
DPR(5)=   0.79491E+00, DF2(5)=   0.61399E+00,
DPR(6)=   0.75136E+00, DF2(6)=   0.54051E+00,
DPR(7)=   0.71049E+00, DF2(7)=   0.47650E+00,
DPR(8)=   0.67211E+00, DF2(8)=   0.41915E+00,
DPR(9)=   0.63606E+00, DF2(9)=   0.36762E+00,
DPR(10)=   0.60217E+00, DF2(10)=   0.32115E+00,
DPR(11)=   0.57029E+00, DF2(11)=   0.27940E+00,
DPR(12)=   0.54029E+00, DF2(12)=   0.24151E+00,
DPR(13)=   0.51204E+00, DF2(13)=   0.20687E+00,
DPR(14)=   0.48542E+00, DF2(14)=   0.17508E+00,
DPR(15)=   0.46032E+00, DF2(15)=   0.14584E+00,
DPR(16)=   0.43663E+00, DF2(16)=   0.11894E+00,
DPR(17)=   0.41427E+00, DF2(17)=   0.94156E-01,
DPR(18)=   0.39314E+00, DF2(18)=   0.71289E-01,
DPR(19)=   0.37317E+00, DF2(19)=   0.50354E-01,
DPR(20)=   0.35429E+00, DF2(20)=   0.31087E-01,
DPR(21)=   0.33642E+00, DF2(21)=   0.13453E-01,
DPR(22)=   0.31951E+00, DF2(22)=  -0.26365E-02,
DPR(23)=   0.30350E+00, DF2(23)=  -0.17258E-01,
DPR(24)=   0.28835E+00, DF2(24)=  -0.30458E-01,
DPR(25)=   0.27403E+00, DF2(25)=  -0.42263E-01,
DPR(26)=   0.26048E+00, DF2(26)=  -0.52393E-01,
DPR(27)=   0.24770E+00, DF2(27)=  -0.61028E-01,
DPR(28)=   0.23565E+00, DF2(28)=  -0.68328E-01,
DPR(29)=   0.22433E+00, DF2(29)=  -0.74310E-01,
DPR(30)=   0.21373E+00, DF2(30)=  -0.78988E-01,
DPR(31)=   0.20385E+00, DF2(31)=  -0.81952E-01,
DPR(32)=   0.19473E+00, DF2(32)=  -0.83597E-01,
DPR(33)=   0.18639E+00, DF2(33)=  -0.84037E-01,
DPR(34)=   0.17888E+00, DF2(34)=  -0.83297E-01,
DPR(35)=   0.17227E+00, DF2(35)=  -0.81191E-01,
DPR(36)=   0.16666E+00, DF2(36)=  -0.77787E-01,
DPR(37)=   0.16217E+00, DF2(37)=  -0.73393E-01,
DPR(38)=   0.15896E+00, DF2(38)=  -0.68066E-01,
DPR(39)=   0.15720E+00, DF2(39)=  -0.61863E-01,
DPR(40)=   0.15704E+00, DF2(40)=  -0.54670E-01,
DPR(41)=   0.15862E+00, DF2(41)=  -0.46927E-01,
DPR(42)=   0.16186E+00, DF2(42)=  -0.38799E-01,
DPR(43)=   0.16640E+00, DF2(43)=  -0.30493E-01,
DPR(44)=   0.17124E+00, DF2(44)=  -0.22284E-01,
DPR(45)=   0.17446E+00, DF2(45)=  -0.14584E-01,
DPR(46)=   0.17287E+00, DF2(46)=  -0.80410E-02,
DPR(47)=   0.16156E+00, DF2(47)=  -0.30551E-02,
DPR(48)=   0.13372E+00, DF2(48)=  -0.53514E-04,
DPR(49)=   0.82605E-01, DF2(49)=   0.74628E-03,
DPR(50)=   0.11642E-01, DF2(50)=   0.20196E-03,
 &END
  &PHYS
 EPS=  0.6446, B=  -0.75576E+00, XIAB=   0.60345E+01
 &END
 &NUM
 NR=  51, NP=  65, NRMAP= 101, NPMAP= 257, NCHI= 257, NITER= 500 AMIX= 0.9000
 &END
 &PRI
  NPR1=              0
 &END
 &PLOT
  NPL1=              1
 &END
 &BALL
 &END
 &MERC
 &END
  
