  Equilibrium data for HELENA
  PPF SCENE
  
 &SHAPE
ELLIP= 1.5617, TRIA=0.1377, QUAD=-.0496, MHARM=128, ISHAPE=  1, IMESH= 1, IAS=0,
 &END
 &PROFILE
IGAM=   7, IPAI=   7, NPTS=   50,
DPR(1)=   0.10000E+01, DF2(1)=   0.10000E+01,
DPR(2)=   0.93193E+00, DF2(2)=   0.71924E+00,
DPR(3)=   0.86872E+00, DF2(3)=   0.46816E+00,
DPR(4)=   0.81003E+00, DF2(4)=   0.22979E+00,
DPR(5)=   0.75553E+00, DF2(5)=   0.95646E-02,
DPR(6)=   0.70493E+00, DF2(6)=  -0.18638E+00,
DPR(7)=   0.65796E+00, DF2(7)=  -0.36609E+00,
DPR(8)=   0.61434E+00, DF2(8)=  -0.53266E+00,
DPR(9)=   0.57383E+00, DF2(9)=  -0.69192E+00,
DPR(10)=   0.53622E+00, DF2(10)=  -0.84502E+00,
DPR(11)=   0.50128E+00, DF2(11)=  -0.99487E+00,
DPR(12)=   0.46882E+00, DF2(12)=  -0.11423E+01,
DPR(13)=   0.43866E+00, DF2(13)=  -0.12883E+01,
DPR(14)=   0.41064E+00, DF2(14)=  -0.14327E+01,
DPR(15)=   0.38458E+00, DF2(15)=  -0.15756E+01,
DPR(16)=   0.36035E+00, DF2(16)=  -0.17158E+01,
DPR(17)=   0.33782E+00, DF2(17)=  -0.18527E+01,
DPR(18)=   0.31686E+00, DF2(18)=  -0.19848E+01,
DPR(19)=   0.29737E+00, DF2(19)=  -0.21108E+01,
DPR(20)=   0.27923E+00, DF2(20)=  -0.22292E+01,
DPR(21)=   0.26235E+00, DF2(21)=  -0.23387E+01,
DPR(22)=   0.24666E+00, DF2(22)=  -0.24380E+01,
DPR(23)=   0.23208E+00, DF2(23)=  -0.25224E+01,
DPR(24)=   0.21855E+00, DF2(24)=  -0.25925E+01,
DPR(25)=   0.20601E+00, DF2(25)=  -0.26480E+01,
DPR(26)=   0.19441E+00, DF2(26)=  -0.26882E+01,
DPR(27)=   0.18373E+00, DF2(27)=  -0.27111E+01,
DPR(28)=   0.17393E+00, DF2(28)=  -0.27113E+01,
DPR(29)=   0.16501E+00, DF2(29)=  -0.26948E+01,
DPR(30)=   0.15697E+00, DF2(30)=  -0.26624E+01,
DPR(31)=   0.14983E+00, DF2(31)=  -0.26067E+01,
DPR(32)=   0.14362E+00, DF2(32)=  -0.25317E+01,
DPR(33)=   0.13839E+00, DF2(33)=  -0.24424E+01,
DPR(34)=   0.13422E+00, DF2(34)=  -0.23341E+01,
DPR(35)=   0.13121E+00, DF2(35)=  -0.22069E+01,
DPR(36)=   0.12950E+00, DF2(36)=  -0.20687E+01,
DPR(37)=   0.12923E+00, DF2(37)=  -0.19160E+01,
DPR(38)=   0.13058E+00, DF2(38)=  -0.17498E+01,
DPR(39)=   0.13373E+00, DF2(39)=  -0.15768E+01,
DPR(40)=   0.13882E+00, DF2(40)=  -0.13954E+01,
DPR(41)=   0.14586E+00, DF2(41)=  -0.12092E+01,
DPR(42)=   0.15461E+00, DF2(42)=  -0.10221E+01,
DPR(43)=   0.16431E+00, DF2(43)=  -0.83573E+00,
DPR(44)=   0.17338E+00, DF2(44)=  -0.65739E+00,
DPR(45)=   0.17907E+00, DF2(45)=  -0.48802E+00,
DPR(46)=   0.17724E+00, DF2(46)=  -0.33301E+00,
DPR(47)=   0.16269E+00, DF2(47)=  -0.20732E+00,
DPR(48)=   0.13030E+00, DF2(48)=  -0.10606E+00,
DPR(49)=   0.77706E-01, DF2(49)=  -0.30980E-01,
DPR(50)=   0.10624E-01, DF2(50)=   0.13865E-01,
 &END
  &PHYS
 EPS=  0.5717, B=  -0.29591E+01, XIAB=   0.68031E+01
 &END
 &NUM
 NR=  51, NP=  65, NRMAP= 101, NPMAP= 257, NCHI= 257, NITER= 500 AMIX= 0.9000
 &END
 &PRI
  NPR1=              0
 &END
 &PLOT
  NPL1=              1
 &END
 &BALL
 &END
 &MERC
 &END
  
